%YAML:1.0
---
AffineMatrix: !!opencv-matrix
   rows: 3
   cols: 4
   dt: d
   data: [ -4.1744785418320697e-02, 9.5770271328517975e-01,
       -2.8471544716889408e-01, 4.7465222719515714e+02,
       9.9846986981023411e-01, 5.0331391990129287e-02,
       2.2905677494243007e-02, -6.0270645356113860e+01,
       3.6266954262972710e-02, -2.8332360287582981e-01,
       -9.5833837660919452e-01, 4.3393409605204931e+02 ]
