%YAML:1.0
---
AffineMatrix: !!opencv-matrix
   rows: 3
   cols: 4
   dt: d
   data: [ -4.5189683904264935e-02, 9.5593797720258566e-01,
       -2.9006977817494395e-01, 5.5002654410085040e+02,
       9.9875065837422616e-01, 4.9433013731112127e-02,
       7.3143386925320466e-03, -6.4355710338141151e+01,
       2.1331077461814674e-02, -2.8937684927320667e-01,
       -9.5697754636095256e-01, 4.3796606416474924e+02 ]
