%YAML:1.0
---
AffineMatrix: !!opencv-matrix
   rows: 3
   cols: 4
   dt: d
   data: [ -2.1236800570337288e-02, 9.2014766119854130e-01,
       -3.9099524280020426e-01, 5.4175023041044415e+02,
       9.9800272283996383e-01, 4.2783220143420717e-02,
       4.6477535199043338e-02, -9.2669438014175626e+01,
       5.9494230859423979e-02, -3.8922728278605362e-01,
       -9.1921845000491120e-01, 4.6091489817729217e+02 ]
