%YAML:1.0
---
AffineMatrix: !!opencv-matrix
   rows: 3
   cols: 4
   dt: d
   data: [ -7.1478807196351454e-02, 9.1462764838254285e-01,
       -3.9792844197921612e-01, 5.2279481916152133e+02,
       9.9589867734864368e-01, 8.7628030150627173e-02,
       2.2520053000447817e-02, -6.6209215479462443e+01,
       5.5467148628796668e-02, -3.9468670252003712e-01,
       -9.1714001236280740e-01, 4.5965744044472592e+02 ]
