%YAML:1.0
---
R_cam2gripper: !!opencv-matrix
   rows: 3
   cols: 3
   dt: d
   data: [ -9.9554264022382100e-01, -7.5534324027784344e-02,
       -5.6474927090253958e-02, 6.7853567091723938e-02,
       -9.8953301526110082e-01, 1.2735896176242573e-01,
       -6.5503777975875088e-02, 1.2295925179481121e-01,
       9.9024758392482215e-01 ]
t_cam2gripper: !!opencv-matrix
   rows: 3
   cols: 1
   dt: d
   data: [ 3.9551350310694154e+01, 6.0619564070689393e+01,
       2.6414330226713396e+01 ]
T_cam2gripper: !!opencv-matrix
   rows: 4
   cols: 4
   dt: d
   data: [ -9.9554264022382100e-01, -7.5534324027784344e-02,
       -5.6474927090253958e-02, 3.9551350310694154e+01,
       6.7853567091723938e-02, -9.8953301526110082e-01,
       1.2735896176242573e-01, 6.0619564070689393e+01,
       -6.5503777975875088e-02, 1.2295925179481121e-01,
       9.9024758392482215e-01, 2.6414330226713396e+01, 0., 0., 0., 1. ]
intrinsics: !!opencv-matrix
   rows: 3
   cols: 3
   dt: d
   data: [ 3.6787020874023438e+02, 0., 3.1682391357421875e+02, 0.,
       3.6789108276367188e+02, 2.4057574462890625e+02, 0., 0., 1. ]
distortion: !!opencv-matrix
   rows: 1
   cols: 5
   dt: d
   data: [ -3.1591515988111496e-02, 3.3968608826398849e-02,
       -6.1371386982500553e-04, -4.6234749606810510e-04,
       -1.1703992262482643e-02 ]
reprojection_error: [ 1.5896327936239500e+00, 1.7751843252399671e+00,
    1.5426678400329714e+00, 1.9543703862242230e+00,
    1.6297376322256036e+00, 1.5482113137383369e+00,
    1.8548771502856167e+00, 1.7342987089242941e+00,
    1.9974515931600101e+00, 2.0777555313821110e+00,
    1.5132906330542155e+00, 1.7630739726302089e+00,
    2.2650489250473962e+00, 2.2566222578164190e+00,
    2.1398064420626537e+00 ]
