%YAML:1.0
---
R_cam2gripper: !!opencv-matrix
   rows: 3
   cols: 3
   dt: d
   data: [ -9.9859021719212215e-01, -5.3078402673119425e-02,
       5.1117302414927640e-04, 5.2967602322513282e-02,
       -9.9578449982804940e-01, 7.4884330847017289e-02,
       -3.4657224924270029e-03, 7.4805835814270860e-02,
       9.9719209568454481e-01 ]
t_cam2gripper: !!opencv-matrix
   rows: 3
   cols: 1
   dt: d
   data: [ 3.1877836343910914e+01, 6.4909986591726110e+01,
       1.4583790569771541e+01 ]
T_cam2gripper: !!opencv-matrix
   rows: 4
   cols: 4
   dt: d
   data: [ -9.9859021719212215e-01, -5.3078402673119425e-02,
       5.1117302414927640e-04, 3.1877836343910914e+01,
       5.2967602322513282e-02, -9.9578449982804940e-01,
       7.4884330847017289e-02, 6.4909986591726110e+01,
       -3.4657224924270029e-03, 7.4805835814270860e-02,
       9.9719209568454481e-01, 1.4583790569771541e+01, 0., 0., 0., 1. ]
intrinsics: !!opencv-matrix
   rows: 3
   cols: 3
   dt: d
   data: [ 6.1311700439453125e+02, 0., 6.3503985595703125e+02, 0.,
       6.1315179443359375e+02, 3.6095956420898438e+02, 0., 0., 1. ]
distortion: !!opencv-matrix
   rows: 8
   cols: 1
   dt: d
   data: [ -3.1591515988111496e-02, 3.3968608826398849e-02,
       -6.1371386982500553e-04, -4.6234749606810510e-04,
       -1.1703992262482643e-02, 0., 0., 0. ]
reprojection_error: [ 1.74399763e-02, 1.50042502e-02, 1.70911569e-02,
    1.19388513e-02, 1.18992040e-02, 1.26872826e-02, 1.34669272e-02,
    1.31824808e-02, 1.38598802e-02, 1.27480989e-02, 1.33082587e-02,
    1.61794405e-02, 1.49940848e-02, 1.55940298e-02, 1.53440041e-02,
    1.05259484e-02, 1.48816630e-02, 1.98132750e-02, 1.95287690e-02,
    2.27217451e-02, 2.05275249e-02, 1.32576479e-02, 2.08514258e-02,
    1.22786341e-02, 1.33849410e-02, 1.55726029e-02, 1.60400216e-02,
    1.42042730e-02, 1.57519970e-02, 1.69439577e-02, 1.47459721e-02 ]
