%YAML:1.0
---
R_cam2gripper: !!opencv-matrix
   rows: 3
   cols: 3
   dt: d
   data: [ -9.9654276700285971e-01, -8.2162317790147807e-02,
       -1.2323435788559385e-02, 8.1282440107433393e-02,
       -9.9487965294563452e-01, 6.0063641955472903e-02,
       -1.7195303558398992e-02, 5.8854309019174648e-02,
       9.9811847585615299e-01 ]
t_cam2gripper: !!opencv-matrix
   rows: 3
   cols: 1
   dt: d
   data: [ 2.7930517576290246e+01, 6.5818558332741830e+01,
       1.1706055707813265e+01 ]
T_cam2gripper: !!opencv-matrix
   rows: 4
   cols: 4
   dt: d
   data: [ -9.9654276700285971e-01, -8.2162317790147807e-02,
       -1.2323435788559385e-02, 2.7930517576290246e+01,
       8.1282440107433393e-02, -9.9487965294563452e-01,
       6.0063641955472903e-02, 6.5818558332741830e+01,
       -1.7195303558398992e-02, 5.8854309019174648e-02,
       9.9811847585615299e-01, 1.1706055707813265e+01, 0., 0., 0., 1. ]
intrinsics: !!opencv-matrix
   rows: 3
   cols: 3
   dt: d
   data: [ 6.1311700439453125e+02, 0., 6.3503985595703125e+02, 0.,
       6.1315179443359375e+02, 3.6095956420898438e+02, 0., 0., 1. ]
distortion: !!opencv-matrix
   rows: 8
   cols: 1
   dt: d
   data: [ -3.1591515988111496e-02, 3.3968608826398849e-02,
       -6.1371386982500553e-04, -4.6234749606810510e-04,
       -1.1703992262482643e-02, 0., 0., 0. ]
reprojection_error: [ 1.64728090e-02, 1.24565409e-02, 1.38074886e-02,
    1.61147062e-02, 1.49541916e-02, 1.63784698e-02, 1.75908711e-02,
    1.94902066e-02, 1.88790336e-02, 1.27953514e-02, 1.37511464e-02,
    1.31647130e-02, 1.41354725e-02, 1.38551099e-02, 1.41270384e-02,
    1.41943200e-02, 1.72547530e-02, 1.52095743e-02, 2.37374008e-02,
    1.83611382e-02, 1.39791034e-02, 1.64894797e-02, 1.79364700e-02,
    1.60263535e-02, 1.91479493e-02, 1.76347420e-02, 1.99945830e-02,
    1.84837002e-02, 1.69881117e-02, 1.30268745e-02, 1.40310237e-02,
    1.22042429e-02 ]
