%YAML:1.0
---
R_cam2gripper: !!opencv-matrix
   rows: 3
   cols: 3
   dt: d
   data: [ -9.2565552967202192e-01, -1.6656069472114013e-01,
       -3.3973427169130227e-01, 1.1071468558540647e-01,
       -9.7782963732223194e-01, 1.7773986263637398e-01,
       -3.6180671467419317e-01, 1.2691231361961558e-01,
       9.2357412581144960e-01 ]
t_cam2gripper: !!opencv-matrix
   rows: 3
   cols: 1
   dt: d
   data: [ 1.2804796702252435e+02, 4.8515403279966091e-01,
       3.7320824250253985e+01 ]
T_cam2gripper: !!opencv-matrix
   rows: 4
   cols: 4
   dt: d
   data: [ -9.2565552967202192e-01, -1.6656069472114013e-01,
       -3.3973427169130227e-01, 1.2804796702252435e+02,
       1.1071468558540647e-01, -9.7782963732223194e-01,
       1.7773986263637398e-01, 4.8515403279966091e-01,
       -3.6180671467419317e-01, 1.2691231361961558e-01,
       9.2357412581144960e-01, 3.7320824250253985e+01, 0., 0., 0., 1. ]
intrinsics: !!opencv-matrix
   rows: 3
   cols: 3
   dt: d
   data: [ 3.6787020874023438e+02, 0., 3.1682391357421875e+02, 0.,
       3.6789108276367188e+02, 2.4057574462890625e+02, 0., 0., 1. ]
distortion: !!opencv-matrix
   rows: 1
   cols: 5
   dt: d
   data: [ -3.1591515988111496e-02, 3.3968608826398849e-02,
       -6.1371386982500553e-04, -4.6234749606810510e-04,
       -1.1703992262482643e-02 ]
reprojection_error: [ 1.6181356934799946e+00, 2.4531898745032521e+00,
    1.8188913903002872e+00, 1.4742786615250840e+00,
    1.5141998575213349e+00, 1.7447571427238855e+00,
    1.4244181171886610e+00, 1.6955454877997418e+00,
    1.6943977075714198e+00, 1.5886034420746262e+00,
    1.5238115534618413e+00 ]
