%YAML:1.0
---
mat_sequence:
   - !!opencv-matrix
      rows: 4
      cols: 4
      dt: d
      data: [ -4.1246509221491527e-03, 9.8800388132580086e-01,
          1.5437395421483324e-01, 2.6670045320670221e+02,
          9.9990430236800487e-01, 6.1134010147854585e-03,
          -1.2410174615465950e-02, -7.2762573097915728e-01,
          -1.3205050576364690e-02, 1.5430799335480144e-01,
          -9.8793454733908881e-01, 3.4163434372826191e+02, 0., 0., 0.,
          1. ]
   - !!opencv-matrix
      rows: 4
      cols: 4
      dt: d
      data: [ 1.6027566723305943e-02, 9.9866065342922106e-01,
          -4.9193662165475258e-02, 3.1520315313349641e+02,
          9.9913654067475910e-01, -1.7882531427596798e-02,
          -3.7501842064308719e-02, -1.2886463710496734e+01,
          -3.8331321310454684e-02, -4.8550122163203188e-02,
          -9.9808496404090408e-01, 2.9044136011341618e+02, 0., 0., 0.,
          1. ]
   - !!opencv-matrix
      rows: 4
      cols: 4
      dt: d
      data: [ 2.5334871185520601e-02, 9.9658544085942313e-01,
          7.8585007279012270e-02, 2.5477554273583709e+02,
          9.9966937157844193e-01, -2.5601613213268933e-02,
          2.3884992864030346e-03, -8.3958351397220881e+00,
          4.3922465750515800e-03, 7.8498512520349742e-02,
          -9.9690455496106367e-01, 3.7994531214780767e+02, 0., 0., 0.,
          1. ]
   - !!opencv-matrix
      rows: 4
      cols: 4
      dt: d
      data: [ 1.0349443119461320e-01, 9.7094169050916257e-01,
          -2.1578029646590369e-01, 3.6152517703967004e+02,
          9.9424154995254177e-01, -1.0705299116124464e-01,
          -4.8370891451496338e-03, -2.6245255611075102e+01,
          -2.7796457682070234e-02, -2.1403712461776411e-01,
          -9.7642995971328572e-01, 3.3454428660244128e+02, 0., 0., 0.,
          1. ]
   - !!opencv-matrix
      rows: 4
      cols: 4
      dt: d
      data: [ 1.3825197216612417e-01, 9.8219872749408033e-01,
          -1.2716938271921677e-01, 3.1203565468274371e+02,
          9.9024776702416717e-01, -1.3931647540157502e-01,
          5.2875829359733746e-04, -2.2223714242068233e+01,
          -1.7197444456311991e-02, -1.2600229914843514e-01,
          -9.9188087415449266e-01, 3.8133883719359574e+02, 0., 0., 0.,
          1. ]
   - !!opencv-matrix
      rows: 4
      cols: 4
      dt: d
      data: [ 1.3626408578693466e-01, 9.8137480300796787e-01,
          -1.3540899137695181e-01, 3.1756765838866130e+02,
          9.9064773812800455e-01, -1.3594917795811129e-01,
          1.1613782948820005e-02, -2.2031512888474477e+01,
          -7.0112671122580551e-03, -1.3572515254582063e-01,
          -9.9072171930360664e-01, 3.7721266521697862e+02, 0., 0., 0.,
          1. ]
   - !!opencv-matrix
      rows: 4
      cols: 4
      dt: d
      data: [ 1.5990099883115682e-02, 9.5778500463984872e-01,
          2.8704041804730740e-01, 1.9065340272284053e+02,
          9.9938916585535376e-01, -2.4231497443738814e-02,
          2.5181932065956703e-02, -1.0812159434783377e+01,
          3.1074296076795724e-02, 2.8646242235008612e-01,
          -9.5758742092022731e-01, 2.8692619002330969e+02, 0., 0., 0.,
          1. ]
   - !!opencv-matrix
      rows: 4
      cols: 4
      dt: d
      data: [ -4.2619457362795515e-02, 9.1221218083814648e-01,
          4.0749542204129557e-01, 1.8006647526208542e+02,
          9.9055016057457923e-01, 9.1798807682137010e-02,
          -1.0189876492781132e-01, -1.6739296572876881e+01,
          -1.3036088845883254e-01, 3.9930178566924901e-01,
          -9.0750433757727733e-01, 2.2801308510186539e+02, 0., 0., 0.,
          1. ]
   - !!opencv-matrix
      rows: 4
      cols: 4
      dt: d
      data: [ 1.0982286974902709e-01, 9.0016314958266130e-01,
          4.2147982325790101e-01, 1.5753414548671901e+02,
          9.8635548603870382e-01, -4.6376588316104722e-02,
          -1.5796223351646663e-01, -1.8177041864699383e+01,
          -1.2264498539051823e-01, 4.3307680172179835e-01,
          -8.9297407093878034e-01, 1.9615799436165474e+02, 0., 0., 0.,
          1. ]
   - !!opencv-matrix
      rows: 4
      cols: 4
      dt: d
      data: [ -1.1627109744645495e-01, 9.9319284485877268e-01,
          -7.0003442726087866e-03, 3.2744180701089113e+02,
          8.7616078380661355e-01, 9.9245756547860650e-02,
          -4.7169117092290708e-01, 1.5930595216263029e+02,
          -4.6778554148025714e-01, -6.0977477223814788e-02,
          -8.8173603445330628e-01, 2.8865481099435794e+02, 0., 0., 0.,
          1. ]
   - !!opencv-matrix
      rows: 4
      cols: 4
      dt: d
      data: [ 2.0424108887612355e-02, 9.9620887761738908e-01,
          -8.4561976871693229e-02, 3.2028705696602492e+02,
          8.9158509713892531e-01, -5.6419524915313123e-02,
          -4.4932488443007829e-01, 1.5636819277367857e+02,
          -4.5239238536465198e-01, -6.6217137997894415e-02,
          -8.8935730744141761e-01, 3.1996433511969860e+02, 0., 0., 0.,
          1. ]
   - !!opencv-matrix
      rows: 4
      cols: 4
      dt: d
      data: [ 1.5969925025655143e-01, 9.8313727343624591e-01,
          -8.9091251241854574e-02, 3.0063348508104912e+02,
          8.3161255510643184e-01, -1.8261330153864108e-01,
          -5.2447396531239665e-01, 1.3898353916107672e+02,
          -5.3189915177300950e-01, 9.6686959566025226e-03,
          -8.4675250732528184e-01, 3.3576667361120838e+02, 0., 0., 0.,
          1. ]
   - !!opencv-matrix
      rows: 4
      cols: 4
      dt: d
      data: [ 1.9266859588551838e-01, 9.8110749037908529e-01,
          1.7518689493102851e-02, 2.8014120372686074e+02,
          8.6524483284523923e-01, -1.6144035256267658e-01,
          -4.7464554332580916e-01, 1.2724684137767848e+02,
          -4.6285007442379938e-01, 1.0660724593803000e-01,
          -8.8000267256377773e-01, 2.7587869739427538e+02, 0., 0., 0.,
          1. ]
   - !!opencv-matrix
      rows: 4
      cols: 4
      dt: d
      data: [ 9.6188926978186995e-01, 1.1588941625718344e-01,
          2.4766646094711781e-01, 2.4331666453235511e+02,
          1.7148339812780272e-01, -9.6115855989181898e-01,
          -2.1625833374283177e-01, 1.1427730045339179e+02,
          2.1298468687922731e-01, 2.5048725705363484e-01,
          -9.4440121622576478e-01, 3.4186177896935203e+02, 0., 0., 0.,
          1. ]
   - !!opencv-matrix
      rows: 4
      cols: 4
      dt: d
      data: [ 1.7289040165868769e-01, 9.6834189600126841e-01,
          1.8006354840157496e-01, 1.9652647749446206e+02,
          9.6001469492870772e-01, -1.2480640851168241e-01,
          -2.5058959658245050e-01, 1.1962953626833136e+02,
          -2.2018332029297305e-01, 2.1618818849114696e-01,
          -9.5120027997350698e-01, 3.7778347733835119e+02, 0., 0., 0.,
          1. ]
   - !!opencv-matrix
      rows: 4
      cols: 4
      dt: d
      data: [ 4.0747566639378041e-01, 8.8679314733358194e-01,
          2.1808598106972488e-01, 2.1162064773983263e+02,
          8.9379998667514504e-01, -3.3829037381244653e-01,
          -2.9441672303954775e-01, 1.2651450872353517e+02,
          -1.8731034439254871e-01, 3.1489289739216886e-01,
          -9.3046079877419330e-01, 3.1906439070154687e+02, 0., 0., 0.,
          1. ]
   - !!opencv-matrix
      rows: 4
      cols: 4
      dt: d
      data: [ 3.6396211066406704e-02, 9.5672625127745092e-01,
          2.8870434000306527e-01, 2.1675254197425784e+02,
          8.1937096923635278e-01, 1.3681955553205111e-01,
          -5.5669706663201646e-01, 1.1298117031404416e+02,
          -5.7210709713539609e-01, 2.5681761882824156e-01,
          -7.7893400238191091e-01, 3.0614903726504775e+02, 0., 0., 0.,
          1. ]
   - !!opencv-matrix
      rows: 4
      cols: 4
      dt: d
      data: [ 1.9925971672157555e-01, 9.7196805012412790e-01,
          1.2479453044880728e-01, 2.5452720669349887e+02,
          8.4781680911196977e-01, -1.0712589103003138e-01,
          -5.1935604517346257e-01, 1.4848368111179983e+02,
          -4.9142875727742591e-01, 2.0928963903863640e-01,
