%YAML:1.0
---
mat_sequence:
   - !!opencv-matrix
      rows: 4
      cols: 4
      dt: d
      data: [ 8.2021603277272981e-02, 9.8433144111411097e-01,
          1.5608994403882356e-01, 2.6524696614350808e+02,
          9.9654059044456755e-01, -8.3106382473126128e-02,
          4.2519245437455054e-04, -1.1100234629737152e-01,
          1.3390600890864671e-02, 1.5551509002809955e-01,
          -9.8774275425402824e-01, 3.4887864352116702e+02, 0., 0., 0.,
          1. ]
   - !!opencv-matrix
      rows: 4
      cols: 4
      dt: d
      data: [ 2.5360201561671535e-02, 9.9963558056296209e-01,
          9.2502026627085000e-03, 3.0678074908923787e+02,
          9.9967830063004248e-01, -2.5362763038113047e-02,
          1.5968876917460368e-04, -1.5158077023717345e-01,
          3.9424127367203933e-04, 9.2431771389665830e-03,
          -9.9995720320931525e-01, 2.9483903028938016e+02, 0., 0., 0.,
          1. ]
   - !!opencv-matrix
      rows: 4
      cols: 4
      dt: d
      data: [ 1.0074929131588223e-01, 9.9011472092105024e-01,
          9.7582886382696840e-02, 2.3255841685561202e+02,
          9.9486330768933195e-01, -1.0122744886055232e-01,
          -5.1094284498696807e-05, -1.2176731344841465e-01,
          9.8274774377324469e-03, 9.7086780833515615e-02,
          -9.9522739998183118e-01, 4.1065327206920176e+02, 0., 0., 0.,
          1. ]
   - !!opencv-matrix
      rows: 4
      cols: 4
      dt: d
      data: [ 3.2276554928206658e-01, 9.4594594500415952e-01,
          3.1759554890355000e-02, 2.9107288225743326e+02,
          9.4642532339051577e-01, -3.2292270083959662e-01,
          -1.9112199810483431e-04, -1.6200251897667223e-01,
          1.0075090163548493e-02, 3.0119734604541260e-02,
          -9.9949551982264961e-01, 3.6434379979518366e+02, 0., 0., 0.,
          1. ]
   - !!opencv-matrix
      rows: 4
      cols: 4
      dt: d
      data: [ -2.6151247141201667e-01, 9.6517849485956153e-01,
          6.4575813282272392e-03, 2.9601629333664113e+02,
          9.6519830396805228e-01, 2.6151902871123206e-01,
          -1.7787391451680413e-04, -1.6459088320156331e-01,
          -1.8604604738698897e-03, 6.1863302987557002e-03,
          -9.9997913378443060e-01, 3.5830656314849688e+02, 0., 0., 0.,
          1. ]
   - !!opencv-matrix
      rows: 4
      cols: 4
      dt: d
      data: [ -2.4154371982633027e-01, 9.6653915622460496e-01,
          8.6363712849134661e-02, 3.0349977826748881e+02,
          9.4014319288973258e-01, 2.5513353848217185e-01,
          -2.2591514868345000e-01, -1.2581758207793186e+01,
          -2.4039011684251588e-01, 2.6625871369678481e-02,
          -9.7031111232338607e-01, 3.5689462031133110e+02, 0., 0., 0.,
          1. ]
   - !!opencv-matrix
      rows: 4
      cols: 4
      dt: d
      data: [ 2.1128058038465947e-01, 9.7492507059346001e-01,
          6.9868612986508830e-02, 3.1447654741802671e+02,
          9.7069879203135878e-01, -2.1766165827043962e-01,
          1.0181973123036323e-01, 5.4374377392356239e+00,
          1.1447432682126810e-01, 4.6308846317949515e-02,
          -9.9234626983302476e-01, 3.4321637737562418e+02, 0., 0., 0.,
          1. ]
   - !!opencv-matrix
      rows: 4
      cols: 4
      dt: d
      data: [ 1.7699181225896324e-01, 9.8419690370673141e-01,
          5.5093672387044957e-03, 3.2506203979349982e+02,
          9.8361531542389202e-01, -1.7707662345440264e-01,
          3.3834607867468544e-02, 1.6908599895286720e+00,
          3.4275496449294056e-02, -5.6935056925024811e-04,
          -9.9941226037260700e-01, 3.2622482187837443e+02, 0., 0., 0.,
          1. ]
   - !!opencv-matrix
      rows: 4
      cols: 4
      dt: d
      data: [ 3.6743622233947386e-02, 9.9779813017089847e-01,
          -5.5215918470920763e-02, 3.4089835370095165e+02,
          8.4611156709028423e-01, -6.0462772616236220e-02,
          -5.2956535872692845e-01, 1.5521307794831003e+02,
          -5.3173783226431437e-01, -2.7260677816512962e-02,
          -8.4647016083488247e-01, 2.9417301898293243e+02, 0., 0., 0.,
          1. ]
   - !!opencv-matrix
      rows: 4
      cols: 4
      dt: d
      data: [ 3.5799188338452331e-02, 9.9672168649339321e-01,
          -7.2555480758339966e-02, 3.4384466319201636e+02,
          9.4277849583625628e-01, -5.7765672089723462e-02,
          -3.2837757980219728e-01, 1.6836868333020820e+02,
          -3.3149227125686342e-01, -5.6648096188560176e-02,
          -9.4175573653425537e-01, 2.8284275565922650e+02, 0., 0., 0.,
          1. ]
   - !!opencv-matrix
      rows: 4
      cols: 4
      dt: d
      data: [ 1.7150356592598320e-02, 9.9622602942975946e-01,
          -8.5085624845577856e-02, 3.4678226925563666e+02,
          8.5932543000393591e-01, -5.8190030515922239e-02,
          -5.0810798625597953e-01, 1.6042734986214396e+02,
          -5.1114153677557572e-01, -6.4402008005742653e-02,
          -8.5708034089432439e-01, 2.8697043848166004e+02, 0., 0., 0.,
          1. ]
   - !!opencv-matrix
      rows: 4
      cols: 4
      dt: d
      data: [ 1.3466099778850546e-01, 9.9003993601588269e-01,
          4.1077253660279679e-02, 2.8785392172395041e+02,
          8.1426569577230945e-01, -8.6939671133528851e-02,
          -5.7394500631300072e-01, 1.2124681172837101e+02,
          -5.6465723440246540e-01, 1.1073580575794202e-01,
          -8.1786294020459105e-01, 3.7580148811243851e+02, 0., 0., 0.,
          1. ]
   - !!opencv-matrix
      rows: 4
      cols: 4
      dt: d
      data: [ 8.5142443755652861e-03, 9.9747299850921323e-01,
          7.0534565198575885e-02, 2.8937329505416062e+02,
          9.9491722013023953e-01, -1.3725337378378056e-03,
          -1.0068684740051571e-01, 1.4722208652590422e+02,
          -1.0033560051661322e-01, 7.1033325954635532e-02,
          -9.9241474891941883e-01, 3.6649376786049197e+02, 0., 0., 0.,
          1. ]
   - !!opencv-matrix
      rows: 4
      cols: 4
      dt: d
      data: [ 2.5946052504395981e-02, 9.9779060068009207e-01,
          6.1161422104950541e-02, 2.8885777218401120e+02,
          9.8231505924391682e-01, -1.4099274869280996e-02,
          -1.8670386935138863e-01, 1.4249115031860623e+02,
          -1.8542903424776572e-01, 6.4924014375431743e-02,
          -9.8051055354612049e-01, 3.6714849860602334e+02, 0., 0., 0.,
          1. ]
   - !!opencv-matrix
      rows: 4
      cols: 4
      dt: d
      data: [ 6.4192685323121584e-02, 9.9780737103847494e-01,
          -1.6116744469451320e-02, 3.1610441035780258e+02,
          9.4208435985762273e-01, -6.5919192766573140e-02,
          -3.2883387741632764e-01, 1.5252475515956232e+02,
          -3.2917526951862541e-01, 5.9253967200763313e-03,
          -9.4425024840401817e-01, 2.6829438067110505e+02, 0., 0., 0.,
          1. ]
   - !!opencv-matrix
      rows: 4
      cols: 4
      dt: d
      data: [ -5.1242529070214082e-01, 8.4999337854203338e-01,
          1.2219483574818508e-01, 2.4601161204064798e+02,
          8.0040650897510335e-01, 5.2430845554981775e-01,
          -2.9060293155653538e-01, 1.1280784383240295e+02,
          -3.1107835321525334e-01, -5.1106749785760984e-02,
          -9.4900914552348836e-01, 3.9343752924866766e+02, 0., 0., 0.,
          1. ]
   - !!opencv-matrix
      rows: 4
      cols: 4
      dt: d
      data: [ 2.0859412426233168e-01, 9.6124528312098045e-01,
          1.8026646110937294e-01, 2.4475947036054029e+02,
          9.7388782105869420e-01, -2.2104719374092377e-01,
          5.1774995246848400e-02, -1.4745743019808117e+02,
          8.9615865318478413e-02, 1.6475935122756635e-01,
          -9.8225422008067320e-01, 3.1557094559120497e+02, 0., 0., 0.,
          1. ]
   - !!opencv-matrix
      rows: 4
      cols: 4
      dt: d
      data: [ 8.7514184373963758e-02, 9.7123454224713912e-01,
          2.2146045127595601e-01, 2.6072971726450743e+02,
          8.8811293318481999e-01, -1.7676726646841370e-01,
          4.2427438222822322e-01, -1.3574114868873761e+02,
          4.5121689401352816e-01, 1.5955186445565281e-01,
          -8.7803560127452096e-01, 3.0160871781525651e+02, 0., 0., 0.,
          1. ]
   - !!opencv-matrix
      rows: 4
      cols: 4
      dt: d
      data: [ 1.1714202381963656e-01, 9.4768161523910999e-01,
          2.9694663223082918e-01, 2.2415765921498763e+02,
          9.7443502910592661e-01, -1.6740113044146779e-01,
          1.4984403751317821e-01, -1.2477082855834200e+02,
          1.9171364142066608e-01, 2.7180216640915550e-01,
          -9.4306386953828203e-01, 2.5135825996457245e+02, 0., 0., 0.,
          1. ]
   - !!opencv-matrix
      rows: 4
      cols: 4
      dt: d
      data: [ 1.6423785610736933e-02, 9.6906895170150198e-01,
          2.4624302246838303e-01, 2.3702847753880170e+02,
          9.4301377834571742e-01, -9.6873336855352016e-02,
          3.1834033746392248e-01, -1.2558090370730098e+02,
          3.3234812037432537e-01, 2.2698220955542209e-01,
          -9.1543640053746578e-01, 2.7532967840606295e+02, 0., 0., 0.,
          1. ]
   - !!opencv-matrix
      rows: 4
      cols: 4
      dt: d
      data: [ -2.6629065350454634e-02, 9.7225895338397716e-01,
          2.3238636027799553e-01, 2.2805498596097681e+02,
          9.1677843109333879e-01, -6.8920860151925833e-02,
          3.9340465594341273e-01, -1.1619491274038646e+02,
          3.9850746688186089e-01, 2.2352280107544237e-01,
          -8.8951073981081896e-01, 3.3860016167401159e+02, 0., 0., 0.,
          1. ]
   - !!opencv-matrix
      rows: 4
      cols: 4
      dt: d
      data: [ 1.2232688450210465e-02, 9.7590946052787686e-01,
          2.1783270228656737e-01, 2.2725453477144825e+02,
          9.9874064627282799e-01, -1.3241212047662237e-03,
          -5.0153446397721818e-02, -1.4059060836914884e+02,
          -4.8656785917425359e-02, 2.1817188534553048e-01,
          -9.7469664287354685e-01, 3.3391493700556157e+02, 0., 0., 0.,
          1. ]
   - !!opencv-matrix
      rows: 4
      cols: 4
      dt: d
      data: [ 3.2596465974615060e-02, 9.4810580993870253e-01,
          3.1627969199182343e-01, 2.2675371820159756e+02,
          9.8082958497770822e-01, -9.1173545261829220e-02,
          1.7222284946210242e-01, -1.2457248979280294e+02,
          1.9212182499243180e-01, 3.0460262278067474e-01,
          -9.3290216344304366e-01, 2.5804744156186683e+02, 0., 0., 0.,
          1. ]
   - !!opencv-matrix
      rows: 4
      cols: 4
      dt: d
      data: [ 2.6723965093671972e-02, 9.7204007466874098e-01,
          -2.3328935450993149e-01, 3.9180782794116476e+02,
          9.9578181510674879e-01, -4.6377225776073706e-02,
          -7.9168994132955223e-02, -4.6992228060878283e-01,
          -8.7774748033708508e-02, -2.3018958744327123e-01,
          -9.6917921327291989e-01, 2.9491000676242817e+02, 0., 0., 0.,
          1. ]
   - !!opencv-matrix
      rows: 4
      cols: 4
      dt: d
      data: [ 3.2791970948494828e-02, 9.7229758787989728e-01,
          -2.3143484449029400e-01, 3.8276242294862550e+02,
          9.9032535848632663e-01, -6.2848099774573785e-02,
          -1.2371661446084735e-01, -3.0078528614552540e+00,
          -1.3483460601878805e-01, -2.2513888370883137e-01,
          -9.6495187033452590e-01, 2.9367575779804980e+02, 0., 0., 0.,
          1. ]
   - !!opencv-matrix
      rows: 4
      cols: 4
      dt: d
      data: [ 9.9938743774655947e-02, 9.8719004401593535e-01,
          -1.2437067374811156e-01, 3.2361298560864492e+02,
          9.8558851712025863e-01, -1.1536338108945121e-01,
          -1.2371970426855930e-01, -3.6323616399731771e+00,
          -1.3648268173447275e-01, -1.1021391608787705e-01,
          -9.8449244298122540e-01, 3.4679377606355354e+02, 0., 0., 0.,
          1. ]
   - !!opencv-matrix
      rows: 4
      cols: 4
      dt: d
      data: [ 2.9014480632077729e-02, 9.7296969168446712e-01,
          2.2910290041176717e-01, 2.5932895293814238e+02,
          9.9441180729066470e-01, -4.8213641853842104e-03,
          -1.0546047585852220e-01, -3.4748979365601773e+00,
          -1.0150525816215059e-01, 2.3088251018824521e-01,
          -9.6767243892476851e-01, 2.4308437756183849e+02, 0., 0., 0.,
          1. ]
   - !!opencv-matrix
      rows: 4
      cols: 4
      dt: d
      data: [ 6.3328139998730826e-02, 9.9154660122725802e-01,
          1.1324700560709720e-01, 2.7895633355774049e+02,
          9.8861178891834744e-01, -4.6805528804770014e-02,
          -1.4302438003700774e-01, -5.2958663218923405e+00,
          -1.3651475193533377e-01, 1.2101479276509382e-01,
          -9.8321876631604999e-01, 2.8627255703295373e+02, 0., 0., 0.,
          1. ]
   - !!opencv-matrix
      rows: 4
      cols: 4
      dt: d
      data: [ 1.0858193388333463e-01, 9.9399120987969880e-01,
          1.3836123591807744e-02, 2.8827432267694286e+02,
          9.9402770311462407e-01, -1.0871754866650986e-01,
          9.4562176693442565e-03, -1.3723321741392201e+02,
          1.0903626681985476e-02, 1.2726715752215571e-02,
          -9.9985956095410844e-01, 3.2913492188122291e+02, 0., 0., 0.,
          1. ]
   - !!opencv-matrix
      rows: 4
      cols: 4
      dt: d
      data: [ 8.3749369073291405e-02, 9.9412546205486141e-01,
          6.8560986530489559e-02, 2.9486791189874810e+02,
          9.9459475084856475e-01, -7.9154365619345912e-02,
          -6.7200208242834278e-02, 2.0748091439671665e+01,
          -6.1378536674533107e-02, 7.3818372358155263e-02,
          -9.9538109442468603e-01, 2.8588422239957993e+02, 0., 0., 0.,
          1. ]
   - !!opencv-matrix
      rows: 4
      cols: 4
      dt: d
      data: [ 9.9148567758198206e-02, 9.8453359786262784e-01,
          1.4444083976205310e-01, 2.7390690533264330e+02,
          9.1138479510722503e-01, -3.1580822144789564e-02,
          -4.1034181717200180e-01, 8.0698137082216419e+01,
          -3.9943374514287022e-01, 1.7232598861555473e-01,
          -9.0042014464849263e-01, 3.0000055392571716e+02, 0., 0., 0.,
          1. ]
