%YAML:1.0
---
mat_sequence:
   - !!opencv-matrix
      rows: 4
      cols: 4
      dt: d
      data: [ 1.5638148300492849e-01, 9.8642804903990355e-01,
          -5.0045337849884394e-02, 3.3494612006787293e+02,
          9.7792076486479895e-01, -1.6174602469767146e-01,
          -1.3232233802630183e-01, -2.9826047601503475e+01,
          -1.3862110019555424e-01, -2.8247611612843643e-02,
          -9.8994255541356746e-01, 2.3160873451157011e+02, 0., 0., 0.,
          1. ]
   - !!opencv-matrix
      rows: 4
      cols: 4
      dt: d
      data: [ -1.2602809341545923e-01, 9.8185843602555034e-01,
          -1.4167191420858438e-01, 3.9358152981155285e+02,
          8.4325742929919278e-01, 3.0808161918171022e-02,
          -5.3662628065623152e-01, 4.0247729976632975e+01,
          -5.2252638938314033e-01, -1.8709588120716056e-01,
          -8.3184211460681334e-01, 1.9730853609629725e+02, 0., 0., 0.,
          1. ]
   - !!opencv-matrix
      rows: 4
      cols: 4
      dt: d
      data: [ -7.3908102876173429e-02, 9.9340471059254309e-01,
          -8.7662268404318150e-02, 4.0071939053799110e+02,
          8.6394999491091240e-01, 1.9873612531933798e-02,
          -5.0318529968428627e-01, 4.2811301882608198e+01,
          -4.9812448105135260e-01, -1.1292528723663418e-01,
          -8.5972081566043546e-01, 2.2063870373287887e+02, 0., 0., 0.,
          1. ]
   - !!opencv-matrix
      rows: 4
      cols: 4
      dt: d
      data: [ -1.2328847744624362e-01, 9.6778846098241689e-01,
          -2.1951183594118973e-01, 4.0505146014039013e+02,
          8.8791477686516884e-01, 8.7941915444701042e-03,
          -4.5992391894698897e-01, 4.7204041499981315e+01,
          -4.4317863255516327e-01, -2.5161112253706880e-01,
          -8.6039789787177634e-01, 1.7110678051855788e+02, 0., 0., 0.,
          1. ]
   - !!opencv-matrix
      rows: 4
      cols: 4
      dt: d
      data: [ -4.0054358770468639e-02, 9.7552046857295638e-01,
          -2.1623011755693541e-01, 4.0771535163417951e+02,
          9.2431816412946088e-01, -4.6019722721715950e-02,
          -3.7883784998460662e-01, 5.2095411119288102e+01,
          -3.7951492698420902e-01, -2.1503953244884047e-01,
          -8.9984799809765348e-01, 2.4960235017708777e+02, 0., 0., 0.,
          1. ]
   - !!opencv-matrix
      rows: 4
      cols: 4
      dt: d
      data: [ -2.2178421523441516e-02, 9.9871910793676044e-01,
          -4.5478138272467633e-02, 3.4925430940938310e+02,
          9.4825301385969851e-01, 6.6023109482102032e-03,
          -3.1744705258694955e-01, 1.6534553164909877e+01,
          -3.1674017636657176e-01, -5.0165256225243003e-02,
          -9.4718483293554090e-01, 2.0621685088278525e+02, 0., 0., 0.,
          1. ]
   - !!opencv-matrix
      rows: 4
      cols: 4
      dt: d
      data: [ 1.8397683904421380e-01, 9.8285218564307975e-01,
          1.2413858059471906e-02, 3.5366450064583609e+02,
          8.0601767838154359e-01, -1.5808006854112952e-01,
          5.7039126401660323e-01, -2.1386582452787144e+02,
          5.6257268404333860e-01, -9.4932992719354667e-02,
          -8.2127930819035055e-01, 2.2781027987620280e+02, 0., 0., 0.,
          1. ]
   - !!opencv-matrix
      rows: 4
      cols: 4
      dt: d
      data: [ 2.4235137893602357e-01, 9.5984803792013862e-01,
          1.4127120452756176e-01, 3.1558572592962304e+02,
          9.3739089959343924e-01, -2.6920370798478815e-01,
          2.2096982818168612e-01, -2.0003601882799248e+02,
          2.5012818811003851e-01, 7.8873998935651918e-02,
          -9.6499470558376010e-01, 2.0916651318526559e+02, 0., 0., 0.,
          1. ]
   - !!opencv-matrix
      rows: 4
      cols: 4
      dt: d
      data: [ 3.4456898998478330e-01, 9.2036595612106709e-01,
          1.8492895380177848e-01, 3.3031256304007223e+02,
          7.8382249415897487e-01, -3.9047070087946617e-01,
          4.8286119061807237e-01, -1.9412854932781696e+02,
          5.1661833958084580e-01, -2.1427518942999369e-02,
          -8.5594763428651244e-01, 2.0271518869071812e+02, 0., 0., 0.,
          1. ]
   - !!opencv-matrix
      rows: 4
      cols: 4
      dt: d
      data: [ 1.1920372120627010e-01, 9.7590009456034377e-01,
          1.8278259842690198e-01, 2.7217236257819587e+02,
          9.9189183410953918e-01, -1.2521995086433801e-01,
          2.1692241293775904e-02, -8.2258285359274154e+01,
          4.4057488323694410e-02, 1.7871477091344462e-01,
          -9.8291401881342744e-01, 1.9569575142172374e+02, 0., 0., 0.,
          1. ]
   - !!opencv-matrix
      rows: 4
      cols: 4
      dt: d
      data: [ 2.7214369924701171e-01, 9.5847726656471510e-01,
          -8.5200565953425469e-02, 3.4802818627609582e+02,
          9.6010467402252997e-01, -2.6455034842656577e-01,
          9.0620792688401078e-02, -1.0231312902633034e+02,
          6.4318130260787074e-02, -1.0646333935216677e-01,
          -9.9223421403101275e-01, 2.4902281919477198e+02, 0., 0., 0.,
          1. ]
   - !!opencv-matrix
      rows: 4
      cols: 4
      dt: d
      data: [ 2.6780820601590249e-01, 9.6123719912243810e-01,
          -6.5588198738753142e-02, 3.7516430788487469e+02,
          9.6148615624995726e-01, -2.6226742452552643e-01,
          8.2220249163026643e-02, -1.1062972940389106e+02,
          6.1831514054135540e-02, -8.5081402527212774e-02,
          -9.9445362828730022e-01, 2.1633963544681237e+02, 0., 0., 0.,
          1. ]
   - !!opencv-matrix
      rows: 4
      cols: 4
      dt: d
      data: [ 5.4054613211334319e-02, 8.3514940448742681e-01,
          5.4736054934098921e-01, 2.6231892747906500e+02,
          9.8525531276013278e-01, 4.4503402961393976e-02,
          -1.6520113741372602e-01, -7.9638099636065732e+01,
          -1.6232703862421088e-01, 5.4821977281848577e-01,
          -8.2042977348603208e-01, 1.9543697469140116e+02, 0., 0., 0.,
          1. ]
   - !!opencv-matrix
      rows: 4
      cols: 4
      dt: d
      data: [ 2.0520779044945345e-01, 9.3381653578865409e-01,
          -2.9304682258391829e-01, 4.1848364517125282e+02,
          9.6966509915042487e-01, -2.3461359301140189e-01,
          -6.8600710374434229e-02, -7.3773921961020619e+01,
          -1.3281324568148284e-01, -2.7007987607735157e-01,
          -9.5363384079508873e-01, 1.9655316197247632e+02, 0., 0., 0.,
          1. ]
   - !!opencv-matrix
      rows: 4
      cols: 4
      dt: d
      data: [ 2.5484995888125866e-01, 9.2520154124456400e-01,
          -2.8116473202893777e-01, 4.2058029461492089e+02,
          9.5655724123525521e-01, -2.8378803421056176e-01,
          -6.6802663714127228e-02, -7.3907473948019998e+01,
          -1.4159711401938443e-01, -2.5192550430154664e-01,
          -9.5733160272906115e-01, 2.1241025486809704e+02, 0., 0., 0.,
          1. ]
