%YAML:1.0
---
mat_sequence:
   - !!opencv-matrix
      rows: 4
      cols: 4
      dt: d
      data: [ 2.6788209540198379e-02, 9.9179668298734880e-01,
          1.2498692509587979e-01, 2.2220299072515439e+02,
          9.9963704110839113e-01, -2.6935568173548176e-02,
          -5.1108827904838665e-04, -2.8109855347658662e-02,
          2.8596981818483267e-03, 1.2495525111999406e-01,
          -9.9215825720690765e-01, 3.4593740122229065e+02, 0., 0., 0.,
          1. ]
   - !!opencv-matrix
      rows: 4
      cols: 4
      dt: d
      data: [ 1.5612777578529607e-01, 9.6966123274830063e-01,
          1.8809894027713819e-01, 2.0217631415832463e+02,
          9.8737057260567063e-01, -1.4802801069159863e-01,
          -5.6454055682811401e-02, -3.1719346718964450e+00,
          -2.6897397284613510e-02, 1.9453740451577439e-01,
          -9.8052625067541122e-01, 4.1882320652801104e+02, 0., 0., 0.,
          1. ]
   - !!opencv-matrix
      rows: 4
      cols: 4
      dt: d
      data: [ -4.3941369214950225e-02, 9.8753909630866221e-01,
          1.5111482168664464e-01, 1.8711366786017459e+02,
          9.5003049414447149e-01, 8.8097422543511814e-02,
          -2.9946770165879516e-01, 3.2779649725901528e+01,
          -3.0904888976847439e-01, 1.3040466787297503e-01,
          -9.4206337702397314e-01, 4.0638483474526294e+02, 0., 0., 0.,
          1. ]
