%YAML:1.0
---
mat_sequence:
   - !!opencv-matrix
      rows: 4
      cols: 4
      dt: d
      data: [ -2.5131919300092405e-02, 9.9947649061585464e-01,
          2.0374772109388765e-02, 2.5935355742568231e+02,
          9.9882237258805051e-01, 2.4258950054373021e-02,
          4.2016322540618128e-02, 2.2658275880097296e+00,
          4.1500056022509932e-02, 2.1406729046618004e-02,
          -9.9890915367797750e-01, 3.7760102068022007e+02, 0., 0., 0.,
          1. ]
   - !!opencv-matrix
      rows: 4
      cols: 4
      dt: d
      data: [ -1.1491528548244796e-01, 9.7508665701106101e-01,
          1.8973794686746481e-01, 2.4581072308973665e+02,
          9.9330092269541759e-01, 1.1045397294037658e-01,
          3.3958751951720045e-02, 1.8266506459201151e+00,
          1.2155415867808980e-02, 1.9236925736894642e-01,
          -9.8124732595019115e-01, 2.8266394170902316e+02, 0., 0., 0.,
          1. ]
   - !!opencv-matrix
      rows: 4
      cols: 4
      dt: d
      data: [ -5.3195170348730621e-02, 9.9855844741394517e-01,
          -7.1624681374853191e-03, 2.9556376250202152e+02,
          9.4502146313261393e-01, 4.8023012955356791e-02,
          -3.2346286409011904e-01, 8.8994327308447524e+01,
          -3.2265261206173851e-01, -2.3975348275689284e-02,
          -9.4621375735337754e-01, 3.0300912074976043e+02, 0., 0., 0.,
          1. ]
   - !!opencv-matrix
      rows: 4
      cols: 4
      dt: d
      data: [ -1.4812537257328412e-01, 9.8211599852180853e-01,
          -1.1621978939722935e-01, 3.3027973918990347e+02,
          8.8891255982886119e-01, 8.0709155828975587e-02,
          -4.5091073744575577e-01, 1.1026816852792066e+02,
          -4.3346664805787183e-01, -1.7010055147730915e-01,
          -8.8497032007214127e-01, 3.4149971219114718e+02, 0., 0., 0.,
          1. ]
   - !!opencv-matrix
      rows: 4
      cols: 4
      dt: d
      data: [ -1.4636281265757217e-01, 9.7460134680352040e-01,
          -1.6949968106084537e-01, 3.6310099507265926e+02,
          8.8325689318067901e-01, 5.1592304403580390e-02,
          -4.6604237444157653e-01, 1.2362811205954009e+02,
          -4.4546064665667018e-01, -2.1792303442980093e-01,
          -8.6837455245137696e-01, 2.9793392072475058e+02, 0., 0., 0.,
          1. ]
   - !!opencv-matrix
      rows: 4
      cols: 4
      dt: d
      data: [ -2.0901777737170577e-01, 9.6043072286236086e-01,
          -1.8407714503619119e-01, 3.7292373397033560e+02,
          8.6128452701896152e-01, 9.1650575547492966e-02,
          -4.9978909103694619e-01, 1.2626297353632170e+02,
          -4.6314202169563029e-01, -2.6300760176066434e-01,
          -8.4636072047076238e-01, 2.8015656454020564e+02, 0., 0., 0.,
          1. ]
   - !!opencv-matrix
      rows: 4
      cols: 4
      dt: d
      data: [ 1.0479946112623062e-01, 9.9408150625570402e-01,
          -2.8618732816853620e-02, 2.7041435692476028e+02,
          9.6981489294090473e-01, -9.5785478573711932e-02,
          2.2424142240992520e-01, -9.6674637551237367e+01,
          2.2017299193514453e-01, -5.1255253533620850e-02,
          -9.7411331610215202e-01, 3.5582180430462768e+02, 0., 0., 0.,
          1. ]
   - !!opencv-matrix
      rows: 4
      cols: 4
      dt: d
      data: [ 1.2667150054922952e-01, 9.9110086295708921e-01,
          -4.0907339125388451e-02, 3.3034927831348966e+02,
          9.1413526034093096e-01, -1.0062511102398963e-01,
          3.9272294665938273e-01, -1.1447015582179368e+02,
          3.8511174579597696e-01, -8.7141646054700747e-02,
          -9.1874657918974156e-01, 3.4674038099345154e+02, 0., 0., 0.,
          1. ]
   - !!opencv-matrix
      rows: 4
      cols: 4
      dt: d
      data: [ 5.8905704190067465e-02, 9.5618175151491780e-01,
          -2.8678663860740866e-01, 3.8286161972948577e+02,
          9.9825223816610154e-01, -5.5054172724279510e-02,
          2.1482715424593686e-02, -4.5153612364475698e+01,
          4.7525793250767067e-03, -2.8755085834597915e-01,
          -9.5775357835627517e-01, 2.7191795159466920e+02, 0., 0., 0.,
          1. ]
   - !!opencv-matrix
      rows: 4
      cols: 4
      dt: d
      data: [ 6.3568191056422182e-02, 9.7535734443240074e-01,
          -2.1127502395595532e-01, 3.8111753638266583e+02,
          9.9782732262757357e-01, -5.8445487169318439e-02,
          3.0409854446036326e-02, -4.3977158529418361e+01,
          1.7312403175246582e-02, -2.1274909092947103e-01,
          -9.7695348149488748e-01, 3.1336920062122783e+02, 0., 0., 0.,
          1. ]
   - !!opencv-matrix
      rows: 4
      cols: 4
      dt: d
      data: [ 6.1572483061565313e-02, 9.7500251967803497e-01,
          -2.1349219178020609e-01, 3.5080613977551786e+02,
          9.9770375018564794e-01, -5.4076920872553821e-02,
          4.0778836354630019e-02, -3.9897805957186549e+01,
          2.8214467833496241e-02, -2.1551281458518104e-01,
          -9.7609332061767851e-01, 3.2022725924311760e+02, 0., 0., 0.,
          1. ]
